"ecotypeid"	"accession_name"	"FT10"	"FT16"
9503	"11C1"	64.0	53.5
6680	"ANH-1"	99.25	92.33333333
9911	"ARGE-1-15"	66.0	44.5
9927	"ARR-17"	87.75	73.25
7000	"Aa-0"	78.0	54.0
6986	"Abd-0"	61.5	43.75
9609	"Adam-1"	74.5	51.0
6897	"Ag-0"	68.0	66.25
9942	"Agu-1"	65.6666666667	110.6666667
9646	"Aiell-1"	62.5	55.25
9606	"Aitba-1"	63.0	41.0
9939	"Aitba-2"	75.25	60.75
6987	"Ak-1"	69.0	47.75
991	"Ale-Stenar-41-1"	110.5	106.75
992	"Ale-Stenar-44-4"	116.0	100.0
997	"Ale-Stenar-56-14"	101.25	87.5
1002	"Ale-Stenar-64-24"	102.75	86.25
1158	"Aledal-6-49"	98.75	88.0
8230	"Algutsrum"	110.3333333333	103.0
6989	"Alst-1"	78.25	61.0
9774	"Alt-1"	68.0	43.0
9758	"Altai-5"	71.25	73.0
9970	"Altenb-2"	86.5	81.75
6990	"Amel-1"	79.0	60.25
6898	"An-1"	57.5	34.25
6992	"Ang-0"	68.0	54.25
9980	"Angel-1"	68.5	60.5
9981	"Angit-1"	69.25	55.5
9759	"Anz-0"	61.5	58.5
9982	"Apost-1"	85.5	79.25
5830	"App1-12"	97.75	75.33333333
5831	"App1-14"	99.5	93.0
5832	"App1-16"	88.5	87.33333333
6997	"Appt-1"	81.0	56.0
10015	"Ara-1"	69.75	51.25
9935	"BAU-15"	79.25	73.75
9928	"BEZ-9"	83.5	77.0
9813	"BI-4"	65.75	45.5
9910	"BRI-2"	70.0	43.5
7014	"Ba-1"	81.5	74.0
7002	"Baa-1"	80.25	59.0
9778	"Bach-7"	71.5	49.25
9796	"Bach2-1"	73.5	46.0
9779	"Bai-10"	63.25	44.66666667
9988	"Bak-2"	95.5	112.3333333
9121	"Bak-5"	105.25	102.0
9613	"Balan-1"	81.75	71.66666667
9332	"Bar 1"	114.25	129.0
9647	"Basen-1"	67.75	55.0
9619	"Basta-1"	77.3333333333	83.0
9620	"Basta-2"	89.75	74.33333333
9621	"Basta-3"	92.0	90.5
7028	"Bch-1"	57.5	40.25
7013	"Bd-0"	63.0	38.75
9730	"Bela-1"	89.0	97.0
9733	"Bela-2"	80.0	83.75
9735	"Bela-4"	85.5	74.0
7008	"Benk-1"	95.5	95.0
9775	"Berg-1"	60.0	44.25
9622	"Bijisk-4"	92.0	81.66666667
9761	"Bik-1"	65.25	58.0
6900	"Bil-5"	116.0	121.5
6901	"Bil-7"	95.5	117.0
9648	"Bisig-1"	60.0	61.0
9649	"Bivio-1"	76.25	67.25
7025	"Bl-1"	71.5	52.66666667
8264	"Bla-1"	65.5	63.5
10004	"Bolin-1"	81.75	79.0
7026	"Boot-1"	69.0	45.5
5837	"Bor-1"	80.5	55.25
6903	"Bor-4"	81.5	56.25
428	"Borky1"	75.75	59.0
9957	"Borsk-2"	83.75	85.0
9971	"Bozen-1.1"	70.5	61.0
9972	"Bozen-1.2"	63.0	58.75
6904	"Br-0"	72.25	65.33333333
9738	"Bran-1"	79.0	73.75
8231	"Brö1-6"	100.75	108.6666667
1061	"Brösarp-11-135"	97.75	94.75
1062	"Brösarp-15-138"	94.0	68.25
1063	"Brösarp-21-140"	84.0	64.25
7003	"Bs-1"	71.75	51.0
7031	"Bsch-0"	78.25	47.25
7036	"Bu-0"	67.75	50.5
7033	"Buckhorn Pass"	78.75	76.0
7058	"Bur-0"	87.25	66.0
8256	"Bå1-2"	73.25	45.25
8259	"Bå5-1"	88.0	65.5
9336	"Bön 1"	84.0	66.75
9339	"Böt 1"	104.5	116.5
9937	"CATS-6"	67.0	47.75
932	"CHA-41"	78.0	68.75
6907	"CIBC-17"	72.0	60.25
6908	"CIBC-5"	66.0	59.0
6744	"CSHL-5"	63.25	47.25
88	"CYR"	61.25	50.5
7062	"Ca-0"	62.25	38.25
7061	"Cal-0"	87.25	64.0
5720	"Cal-2"	92.0	63.33333333
7063	"Can-0"	72.25	51.0
9679	"Castelfed-1-195"	69.25	79.75
9680	"Castelfed-1-196"	62.75	59.33333333
9681	"Castelfed-1-197"	66.25	92.25
9682	"Castelfed-1-198"	77.75	74.75
9683	"Castelfed-1-199"	64.0	71.75
9684	"Castelfed-2-200"	84.0	89.5
9685	"Castelfed-2-201"	84.75	89.75
9686	"Castelfed-2-202"	84.3333333333	88.0
9687	"Castelfed-2-203"	88.5	83.33333333
9689	"Castelfed-3-205"	67.75	83.0
9690	"Castelfed-3-206"	75.5	81.66666667
9691	"Castelfed-3-207"	74.0	72.75
9692	"Castelfed-3-208"	72.0	70.75
9693	"Castelfed-3-209"	68.5	75.0
9694	"Castelfed-4-210"	76.5	74.25
9695	"Castelfed-4-211"	103.5	84.5
9974	"Castelfed-4-212"	94.0	93.5
9975	"Castelfed-4-213"	79.25	82.33333333
9696	"Castelfed-4-214"	77.5	76.75
9943	"Cdm-0"	74.0	61.5
7068	"Cerv-1"	63.75	56.0
9624	"Chaba-2"	79.5	74.33333333
7071	"Chat-1"	64.25	45.0
7072	"Chi-0"	70.25	62.0
9705	"Choto-1"	71.3333333333	67.0
9661	"Cimin-1"	55.25	42.0
9983	"Ciste-1"	63.0	58.5
9984	"Ciste-2"	65.75	56.0
5726	"Cnt-1"	74.0	48.0
5726	"Cnt-1"	74.0	66.66666667
5726	"Cnt-1"	68.3333333333	48.0
5726	"Cnt-1"	68.3333333333	66.66666667
7064	"Cnt-1"	74.0	48.0
7064	"Cnt-1"	74.0	66.66666667
7064	"Cnt-1"	68.3333333333	48.0
7064	"Cnt-1"	68.3333333333	66.66666667
7081	"Co"	58.5	42.5
7077	"Co-1"	54.5	44.33333333
6909	"Col-0"	70.5	38.0
7092	"Com-1"	68.0	54.25
10005	"Copac-1"	76.6666666667	67.25
7067	"Ct-1"	58.75	42.25
6911	"Cvi-0"	62.75	47.25
9920	"DIR-9"	64.0	48.66666667
7460	"Da(1)-12"	75.0	37.0
7094	"Da-0"	67.25	43.25
7419	"Db-1"	69.0	43.25
8233	"Dem-4"	75.5	69.25
7096	"Di-G"	65.5	40.25
766	"Dja-1"	63.5	41.75
9343	"Dju-1"	94.5	88.0
7102	"Do-0"	87.25	71.0
10018	"Dobra-1"	90.0	81.33333333
9697	"Dolen-1"	77.5	63.0
9700	"Dolna-1-10"	80.0	81.0
9711	"Dolna-1-39"	75.0	82.5
9712	"Dolna-1-40"	77.0	78.0
9944	"Don-0"	75.75	68.0
9706	"Dospa-1"	95.25	78.66666667
410	"Doubravnik7"	76.0	65.25
7106	"Dr-0"	76.5	44.5
7103	"Dra-0"	62.25	36.75
5865	"Dra1-4"	109.75	101.0
8283	"Dra3-1"	84.25	82.66666667
8284	"DraII-1"	83.25	76.0
5874	"DraII-6"	78.0	69.25
8285	"DraIII-1"	66.5	51.66666667
5893	"DraIV 1-11"	73.75	64.25
5890	"DraIV 1-8"	78.25	55.25
5907	"DraIV 2-9"	66.5	48.5
5921	"DraIV 3-7"	82.5	55.75
5950	"DraIV 5-12"	81.25	65.5
5984	"DraIV 6-13"	66.75	41.75
5993	"DraIV 6-22"	82.5	64.75
424	"Draha2"	83.25	68.25
6008	"Duk"	73.5	43.0
7107	"Durh-1"	67.25	50.75
9352	"Död 2"	127.75	134.3333333
9353	"Död 3"	126.0	134.0
9908	"ESP-1-11"	65.25	46.5
6009	"Eden-1"	103.0	113.5
6011	"Eden-6"	97.3333333333	112.5
6012	"Eden-7"	102.0	125.0
6013	"Eden-9"	93.75	93.0
9298	"Edi-1"	60.0	45.5
6016	"Eds-1"	87.3333333333	83.5
6017	"Eds-9"	96.5	104.0
6915	"Ei-2"	76.5	56.75
9369	"EkS 2"	81.75	71.25
7117	"El-0"	58.0	36.5
7109	"Ema-1"	60.75	45.75
8290	"En-1"	63.25	44.25
7119	"En-2"	65.5	41.0
7120	"En-D"	62.5	42.75
9725	"Epidauros-1"	61.25	56.5
7125	"Er-0"	69.25	42.75
9784	"Erg2-6"	60.25	43.5
7126	"Es-0"	95.5	97.25
7127	"Est"	59.75	45.5
7130	"Et-0"	91.6666666667	78.25
9762	"Etna-2"	95.5	72.75
9921	"FOR-23"	64.5	48.25
9726	"Faneronemi-3"	67.0	56.5
9941	"Fei-0"	70.0	42.5
9814	"Fell1-10"	71.5	48.33333333
9780	"Fell2-4"	72.25	45.75
9776	"Fell3-7"	65.25	57.5
7138	"Fi-0"	85.5	68.5
9651	"Filet-1"	64.0	49.66666667
8422	"Fjä1-1"	116.75	116.25
6020	"Fjä1-5"	94.0	87.25
6021	"Fjä2-4"	94.25	87.0
6023	"Fly2-1"	93.75	89.25
6024	"Fly2-2"	106.75	116.0
9380	"FlyA 3"	101.0	98.25
5741	"For-2"	97.25	88.5
7133	"Fr-2"	76.0	46.25
9382	"Fri 2"	99.0	110.6666667
9383	"Fri 3"	99.3333333333	103.0
9743	"Furni-1"	79.5	75.0
9371	"FäL 1"	129.25	145.0
9909	"GEN-8"	87.0	57.0
6919	"Ga-0"	76.75	94.0
9962	"Galdo-1"	78.0	71.75
7161	"Gd-1"	61.25	39.33333333
8297	"Ge-0"	85.75	79.0
9125	"Geg-14"	74.0	69.25
7143	"Gel-1"	83.0	44.5
7147	"Gie-0"	74.5	52.66666667
9653	"Giffo-1"	59.5	52.5
9777	"Gn-1"	66.5	43.5
9790	"Gn2-3"	66.75	41.75
9698	"Goced-1"	81.0	74.5
9314	"Gol-2"	74.25	60.0
6920	"Got-22"	86.75	93.75
430	"Gr-1"	92.3333333333	55.0
7158	"Gr-5"	63.3333333333	47.75
9645	"Gradi-1"	77.5	66.25
7160	"Gre-0"	72.25	66.5
9714	"Grivo-1"	80.75	82.33333333
9722	"Groch-1"	99.5	108.0
9386	"Grön 12"	115.5	107.75
9388	"Grön 14"	127.25	137.0
6030	"Grön-5"	107.25	129.0
6922	"Gu-0"	71.0	44.5
8234	"Gul1-2"	102.6666666667	92.75
8214	"Gy-0"	65.0	54.5
7461	"H55"	68.0	48.75
9769	"HE-1"	66.5	44.66666667
9787	"HI-4"	70.5	49.33333333
9995	"HKT2.4"	64.25	41.75
6923	"HR-10"	57.0	41.5
6924	"HR-5"	61.5	47.0
8236	"HSm"	74.0	64.66666667
7163	"Ha-0"	66.5	44.0
9785	"Ha-HBT1-2"	63.25	45.25
9797	"Ha-HBT2-10"	69.0	46.5
9815	"Ha-HBT3-11"	72.5	48.0
9786	"Ha-P-13"	64.75	40.25
9798	"Ha-P2-1"	65.25	44.66666667
9800	"Ha-S-B"	68.5	42.5
9801	"Ha-SP-2"	62.0	36.33333333
9390	"Hadd-1"	79.75	55.0
9391	"Hadd-2"	85.0	64.5
9392	"Hadd-3"	87.25	59.0
9791	"Haes-1"	65.3333333333	38.33333333
9394	"Hag-2"	110.6666666667	110.5
9395	"Hal-1"	104.5	118.25
9732	"Halca-1"	82.0	88.25
9399	"Hamm-1"	97.0	91.0
9799	"Hart-2"	66.25	50.5
7164	"Hau-0"	69.75	59.25
9402	"Hel-3"	92.25	78.75
7169	"Hh-0"	82.5	78.25
7165	"Hn-0"	71.5	43.5
8235	"Hod"	74.5	68.75
9772	"Hof-1"	67.0	40.75
9404	"HolA-1 1"	95.0	78.75
9405	"HolA-1 2"	103.5	95.5
9407	"HolA-2 2"	91.75	75.0
6035	"Hov1-10"	83.0	73.75
6034	"Hov1-7"	102.75	80.5
6036	"Hov3-2"	94.25	86.33333333
6038	"Hov3-5"	91.25	77.25
8306	"Hov4-1"	102.5	95.0
6039	"Hovdala-2"	91.0	62.0
8307	"Hovdala-6"	79.25	64.25
7162	"Hs-0"	65.0	42.75
9817	"IP-Ace-0"	64.25	63.75
9513	"IP-Adc-5"	71.75	63.33333333
9514	"IP-Adm-0"	72.5	83.33333333
9515	"IP-Ala-0"	56.25	51.25
9517	"IP-All-0"	64.0	35.75
9518	"IP-Alm-0"	92.0	87.5
9506	"IP-Alo-0"	77.75	69.0
9819	"IP-Amu-0"	98.0	98.5
9519	"IP-Ang-0"	77.25	64.5
9520	"IP-Ara-4"	113.5	120.5
9820	"IP-Are-0"	61.75	55.75
9821	"IP-Aru-0"	79.5	72.25
9822	"IP-Aul-0"	82.0	62.33333333
9823	"IP-Bae-0"	63.0	42.0
9521	"IP-Bar-1"	69.75	68.0
9522	"IP-Bea-0"	59.0	60.33333333
9523	"IP-Ben-0"	86.75	84.66666667
9524	"IP-Ber-0"	97.25	99.66666667
9824	"IP-Bes-5"	115.5	143.0
9525	"IP-Bis-0"	91.75	81.25
9825	"IP-Boa-0"	68.5	63.5
9826	"IP-Bor-0"	77.0	73.0
9827	"IP-Bos-0"	69.25	60.0
9828	"IP-Bra-0"	82.25	78.75
9830	"IP-Bus-0"	61.5	51.25
9526	"IP-Cab-3"	65.0	56.33333333
9527	"IP-Cad-0"	86.25	76.5
9528	"IP-Cal-0"	105.3333333333	89.5
9529	"IP-Cap-1"	65.0	63.0
9530	"IP-Car-1"	90.5	123.0
9831	"IP-Cas-0"	86.25	88.25
9832	"IP-Cat-0"	97.0	90.33333333
9531	"IP-Cdc-3"	91.0	92.0
9532	"IP-Cdo-0"	106.0	108.6666667
9533	"IP-Cem-0"	89.0	79.0
9833	"IP-Cha-0"	75.75	65.66666667
9834	"IP-Cho-0"	75.0	63.75
9835	"IP-Cir-0"	81.75	69.75
9534	"IP-Cmo-3"	69.75	65.66666667
9507	"IP-Coa-0"	55.0	46.66666667
9535	"IP-Coc-1"	93.5	89.0
9836	"IP-Cod-0"	109.5	128.5
9837	"IP-Con-0"	76.3333333333	64.25
9536	"IP-Cor-0"	99.0	103.0
9838	"IP-Cot-0"	73.5	67.0
9839	"IP-Coy-0"	102.75	115.0
9537	"IP-Cum-1"	64.25	56.0
9840	"IP-Dar-0"	100.5	120.5
9539	"IP-Deh-1"	78.5	91.25
9841	"IP-Ees-0"	77.75	68.0
9540	"IP-Elb-0"	75.25	88.25
9843	"IP-Elp-0"	62.75	58.66666667
9844	"IP-Esn-2"	89.25	84.25
9845	"IP-Evs-0"	77.5	65.0
9846	"IP-Ezc-2"	116.0	119.6666667
9847	"IP-Fel-2"	60.0	45.0
9541	"IP-Fue-2"	68.5	61.5
9542	"IP-Fun-0"	90.0	107.25
9848	"IP-Glo-1"	85.75	98.0
9543	"IP-Gra-0"	94.3333333333	89.66666667
9544	"IP-Gua-1"	57.25	53.5
9849	"IP-Gud-3"	99.0	99.66666667
9850	"IP-Hec-0"	95.5	83.0
9545	"IP-Her-12"	83.5	101.0
9547	"IP-Hor-0"	79.25	70.0
9851	"IP-Hue-3"	119.5	144.0
9549	"IP-Hum-2"	91.0	106.6666667
9852	"IP-Ini-0"	76.25	67.33333333
9550	"IP-Iso-4"	130.25	132.0
9551	"IP-Jim-1"	102.0	123.0
9853	"IP-Lac-0"	56.75	35.5
9854	"IP-Laf-1"	58.75	40.66666667
9855	"IP-Lam-0"	73.0	61.66666667
9856	"IP-Lch-0"	75.25	63.5
9553	"IP-Ldd-0"	100.75	106.0
9857	"IP-Leg-0"	65.75	66.5
9858	"IP-Loz-0"	120.75	123.5
9859	"IP-Lro-0"	76.25	83.0
9554	"IP-Lso-0"	94.0	104.25
9860	"IP-Lum-0"	80.75	64.33333333
9861	"IP-Mac-0"	107.5	114.5
9862	"IP-Mad-0"	67.5	53.75
9906	"IP-Mah-6"	88.0	80.0
9555	"IP-Mar-1"	93.5	100.0
9864	"IP-Mat-0"	63.25	57.25
9866	"IP-Mdd-0"	104.75	118.0
9556	"IP-Men-2"	76.25	65.0
9867	"IP-Mie-1"	101.75	101.6666667
9557	"IP-Moa-0"	107.25	112.0
9558	"IP-Moc-11"	96.5	114.6666667
9868	"IP-Moe-0"	70.25	68.66666667
9869	"IP-Moj-0"	86.25	80.75
9559	"IP-Mon-5"	56.75	66.5
9508	"IP-Mos-1"	62.0	60.66666667
9560	"IP-Mot-0"	69.25	53.75
9870	"IP-Moz-0"	100.5	111.0
9561	"IP-Mun-0"	101.0	92.0
9562	"IP-Mur-0"	93.25	83.5
9871	"IP-Nac-0"	105.0	117.6666667
9873	"IP-Ndc-0"	66.75	55.66666667
9874	"IP-Oja-0"	68.75	56.25
9565	"IP-Orb-10"	74.5	72.33333333
9875	"IP-Ovi-1"	63.75	44.75
9876	"IP-Pad-0"	87.25	74.75
9567	"IP-Pal-0"	113.0	103.5
9568	"IP-Pan-0"	103.75	109.5
9569	"IP-Pds-1"	99.0	96.5
9878	"IP-Pee-0"	113.25	116.0
9879	"IP-Per-0"	68.5	59.5
9880	"IP-Pib-1"	91.5	87.5
9881	"IP-Pie-0"	82.0	78.5
9882	"IP-Pil-0"	78.5	70.33333333
9883	"IP-Piq-0"	60.0	41.75
9885	"IP-Prd-0"	116.25	119.0
9571	"IP-Pro-0"	56.5	35.25
9886	"IP-Pru-0"	85.75	57.0
9887	"IP-Pun-0"	89.3333333333	90.75
9888	"IP-Pva-1"	86.25	96.66666667
9573	"IP-Rds-0"	70.25	60.0
9509	"IP-Reg-0"	64.5	59.0
9510	"IP-Rei-0"	59.25	55.75
9576	"IP-Rev-0"	106.0	106.5
9577	"IP-Ria-0"	99.5	123.5
9890	"IP-Rib-1"	96.0	94.33333333
9578	"IP-Sac-0"	75.25	59.25
9892	"IP-Sam-0"	88.5	84.5
9579	"IP-San-10"	77.0	79.25
9581	"IP-Sdv-3"	111.0	118.5
9894	"IP-Sen-0"	88.25	76.66666667
9582	"IP-Ses-0"	95.75	93.75
9895	"IP-Sfb-6"	75.75	71.0
9897	"IP-Smt-1"	81.0	81.5
9583	"IP-Sne-0"	96.75	89.5
9898	"IP-Som-0"	97.75	97.25
9584	"IP-Stp-0"	88.5	85.5
9585	"IP-Svi-0"	52.25	32.0
9899	"IP-Tau-0"	70.75	58.0
9587	"IP-Tdc-0"	101.0	101.75
9588	"IP-Tol-7"	85.0	79.33333333
9589	"IP-Tor-1"	85.75	77.33333333
9900	"IP-Tri-0"	53.0	50.0
9590	"IP-Trs-0"	51.25	50.5
9901	"IP-Urd-1"	117.0	102.5
9902	"IP-Usa-0"	98.0	110.3333333
9591	"IP-Vad-0"	67.0	46.0
9592	"IP-Vae-2"	95.0	100.0
9903	"IP-Val-0"	108.0	108.75
9904	"IP-Vas-0"	107.5	114.6666667
9511	"IP-Vav-0"	64.25	55.0
9593	"IP-Vaz-0"	109.5	109.0
9594	"IP-Vdm-0"	95.0	110.6666667
9595	"IP-Vdt-0"	80.5	66.75
9905	"IP-Ven-0"	89.75	95.0
9596	"IP-Ver-5"	73.0	61.0
9512	"IP-Vid-1"	51.25	40.25
9597	"IP-Vig-1"	69.75	60.66666667
9598	"IP-Vim-0"	87.0	91.0
9599	"IP-Vin-0"	84.75	90.25
9600	"IP-Vis-0"	89.5	73.0
9601	"IP-Voz-0"	97.0	77.0
9602	"IP-Vpa-1"	77.25	75.33333333
9929	"ISS-20"	85.25	88.0
9914	"IST-29"	74.75	55.25
9744	"Iasi-1"	78.75	63.33333333
8311	"In-0"	65.5	59.25
8312	"Is-0"	65.75	52.0
10012	"Istisu-1"	113.5	105.6666667
9095	"Istisu-5"	104.0	113.3333333
9099	"Istisu-9"	100.25	112.6666667
9701	"Ivano-1"	85.5	82.0
9986	"Jablo-1"	89.3333333333	86.0
7181	"Je-0"	96.75	97.0
10020	"Jl-2"	72.5	48.0
7424	"Jl-3"	57.75	35.5
7177	"Jm-0"	65.75	45.25
9629	"K-oze-1"	98.0	74.66666667
9630	"K-oze-3"	84.75	79.5
9788	"KBG1-14"	62.5	38.33333333
9770	"KBG2-13"	67.0	44.75
6927	"KNO-10"	73.5	63.0
7717	"KNO1.37"	82.75	76.25
801	"KYC-33"	94.75	88.25
9408	"Kal 1"	108.25	124.0
763	"Kar-1"	65.75	39.0
9617	"Karag-1"	70.75	66.0
9608	"Karag-2"	58.0	45.25
9708	"Kardz-1"	89.0	85.0
9717	"Kardz-2"	90.25	93.33333333
8424	"Kas-2"	68.25	80.0
8424	"Kas-2"	68.25	75.5
8424	"Kas-2"	68.25	80.0
8424	"Kas-2"	68.25	75.5
10006	"Kastel-1"	113.5	131.5
7202	"Kb-0"	63.0	40.75
8420	"Kelsterbach-4"	74.75	47.5
8238	"Kent"	79.5	52.25
9409	"Kia 1"	108.25	119.25
9960	"Kidr-1"	82.5	66.66666667
5748	"Kil-0"	60.75	41.75
5748	"Kil-0"	60.75	42.0
5748	"Kil-0"	68.75	41.75
5748	"Kil-0"	68.75	42.0
7192	"Kil-0"	60.75	41.75
7192	"Kil-0"	60.75	42.0
7192	"Kil-0"	68.75	41.75
7192	"Kil-0"	68.75	42.0
6926	"Kin-0"	66.25	45.75
7199	"Kl-5"	66.5	37.0
9951	"Kly-1"	98.75	109.6666667
9952	"Kly-4"	86.0	104.3333333
7186	"Kn-0"	75.0	49.75
6040	"Kni-1"	93.25	82.5
9749	"Knjas-1"	74.75	63.75
7427	"Ko-2"	101.0	91.5
9699	"Kolar-1"	74.25	63.66666667
9625	"Kolyv-2"	91.75	101.5
9626	"Kolyv-3"	77.3333333333	70.25
9627	"Kolyv-5"	90.5	88.25
9628	"Kolyv-6"	78.5	69.25
6929	"Kondara"	78.5	61.75
9412	"Kor 3"	87.25	64.0
9413	"Kor 4"	86.0	75.0
9719	"Koren-1"	72.5	57.75
9953	"Koz-2"	88.0	93.25
9616	"Krazo-1"	93.5	110.75
7203	"Krot-0"	67.25	44.5
9416	"Kru-3"	135.5	129.0
8240	"Kulturen-1"	94.5	83.0
9781	"Kus2-2"	60.0	41.66666667
9802	"Kus3-1"	69.75	42.75
7207	"Kyoto"	70.25	49.75
6830	"Kz-13"	69.75	41.25
6931	"Kz-9"	59.75	48.5
8237	"Kävlinge-1"	97.25	98.75
108	"LDV-18"	70.0	52.25
139	"LDV-46"	68.75	52.75
9930	"LEC-25"	75.75	68.66666667
630	"LI-OF-065"	73.5	58.75
915	"LIN S-5"	63.75	43.5
6933	"LL-0"	63.75	54.5
7209	"La-0"	63.5	45.25
9100	"Lag1-2"	77.5	74.0
9102	"Lag1-4"	83.75	80.75
9103	"Lag1-5"	83.25	82.75
9104	"Lag1-6"	60.75	60.0
9105	"Lag1-7"	77.25	78.75
9106	"Lag1-8"	87.25	87.5
9115	"Lag2-10"	91.25	71.75
9990	"Lag2-2"	83.75	75.0
9111	"Lag2-4"	100.5	89.25
9113	"Lag2-6"	76.0	70.25
9114	"Lag2-7"	99.75	100.5
9963	"Lago-1"	75.0	66.66666667
9421	"Lan 1"	107.0	103.0
7208	"Lan-0"	73.0	46.0
7218	"Le-0"	75.0	51.25
9631	"Lebja-1"	98.5	140.0
9632	"Lebja-2"	92.0	90.33333333
9633	"Lebja-4"	88.25	77.0
9987	"Lecho-1"	91.0	82.25
9945	"Leo-1"	113.5	110.0
7213	"Ler-0"	65.5	40.0
6932	"Ler-1"	63.5	40.33333333
10013	"Lerik1-3"	92.25	100.0
9075	"Lerik1-4"	93.25	98.25
9078	"Lerik1-7"	100.25	104.25
9079	"Lerik2-1"	101.0	102.0
9081	"Lerik2-3"	91.25	99.66666667
9084	"Lerik2-6"	103.75	114.25
9085	"Lerik2-7"	103.0	101.0
9716	"Leska-1-44"	102.6666666667	122.0
9611	"Lesno-1"	73.5	68.0
9612	"Lesno-2"	86.5	71.5
9610	"Lesno-4"	82.25	69.5
7223	"Li-2:1"	75.75	54.75
7231	"Li-7"	65.75	45.33333333
8241	"Liarum"	90.75	66.25
8242	"Lillö-1"	116.75	132.0
8326	"Lis-1"	86.75	58.0
8222	"Lis-2"	100.0	93.25
6041	"Lis-3"	78.75	51.5
7236	"Litva"	73.5	47.5
7217	"Lm-2"	56.5	38.0
6042	"Lom1-1"	63.5	43.0
7520	"Lp2-2"	73.25	48.75
7521	"Lp2-6"	70.75	54.0
8334	"Lu-1"	74.75	54.0
9782	"Lu3-30"	63.25	44.5
9792	"Lu4-2"	62.75	42.75
8335	"Lund"	100.0	92.25
6043	"Löv-1"	110.0	130.6666667
6046	"Löv-5"	117.25	117.0
9915	"MAR-4-16"	84.25	75.5
159	"MAR2-3"	72.0	56.75
870	"MIC-31"	72.5	62.25
1925	"MNF-Che-2"	89.5	89.5
1954	"MNF-Jac-12"	93.0	101.0
2016	"MNF-Pin-39"	77.5	69.75
1853	"MNF-Pot-21"	71.5	69.33333333
1872	"MNF-Pot-75"	80.25	82.5
1890	"MNF-Riv-21"	101.0	75.75
9720	"Malak-1"	100.75	104.0
9964	"Mammo-1"	70.0	64.5
9965	"Mammo-2"	70.5	56.0
9655	"Marce-1"	79.0	71.66666667
9656	"Marti-1"	78.25	89.0
9634	"Masl-1"	91.0	98.0
5757	"Mc-1"	87.75	66.66666667
1829	"Mdn-1"	94.75	99.0
7250	"Me-0"	58.0	37.75
9657	"Melic-1"	58.5	48.0
9703	"Melni-1"	76.5	69.75
9704	"Melni-2"	75.5	70.33333333
9946	"Mer-6"	61.5	54.5
7255	"Mh-0"	62.0	47.33333333
8337	"Mir-0"	74.0	72.5
9664	"Mitterberg-1-179"	85.5	109.6666667
9665	"Mitterberg-1-180"	85.5	86.66666667
9973	"Mitterberg-1-181"	94.25	110.0
9666	"Mitterberg-1-182"	86.5	112.0
9667	"Mitterberg-1-183"	89.0	107.0
9668	"Mitterberg-2-184"	82.5	79.5
9669	"Mitterberg-2-185"	81.0	86.0
9670	"Mitterberg-2-186"	105.5	112.5
9671	"Mitterberg-3-187"	90.5	95.0
9672	"Mitterberg-3-188"	85.3333333333	90.5
9673	"Mitterberg-3-189"	87.5	99.66666667
9676	"Mitterberg-4-192"	87.75	89.0
9677	"Mitterberg-4-193"	81.75	110.5
9678	"Mitterberg-4-194"	69.0	87.0
7244	"Mnz-0"	68.0	46.0
9966	"Monte-1"	90.5	80.0
6938	"Ms-0"	72.0	70.75
9803	"Muh-2"	63.0	41.25
7248	"Mv-0"	71.5	66.66666667
6940	"Mz-0"	64.25	39.25
8246	"NC-6"	70.5	76.5
6943	"NFA-10"	60.75	42.5
6944	"NFA-8"	63.75	44.5
9932	"NOZ-6"	81.5	76.0
8343	"Na-1"	81.25	59.75
9089	"Nar-3"	88.6666666667	125.5
9091	"Nar-5"	99.75	97.5
7430	"Nc-1"	72.5	42.25
9993	"Nemrut-1"	97.75	119.6666667
772	"Neo-6"	67.5	43.5
9658	"Nicas-1"	71.3333333333	66.5
9996	"Nie1-2"	61.3333333333	38.25
7273	"No-0"	77.0	43.66666667
6945	"Nok-3"	76.5	56.0
9635	"Nosov-1"	93.25	84.66666667
9636	"Noveg-1"	109.75	141.0
9637	"Noveg-2"	81.25	82.5
9638	"Noveg-3"	88.25	87.66666667
7268	"Np-0"	65.75	43.66666667
7258	"Nw-0"	71.0	43.5
9433	"Nyl 13"	138.0	137.0
6064	"Nyl-2"	103.6666666667	129.5
6069	"Nyl-7"	107.25	139.0
9427	"Näs 2"	96.75	119.5
7276	"Ob-0"	73.75	49.25
9804	"Obe1-15"	65.75	45.75
9789	"Obh-13"	65.0	42.25
7280	"Old-1"	80.75	46.5
9727	"Olympia-2"	61.25	43.5
6070	"Omn-1"	106.75	119.3333333
6071	"Omn-5"	120.75	139.5
7282	"Or-0"	62.5	37.5
9741	"Orast-1"	88.0	71.5
8351	"Ost-0"	103.0	97.5
7287	"Ove-0"	71.0	48.25
7288	"Oy-0"	82.5	70.25
8243	"PHW-2"	80.0	68.25
8239	"PHW-3"	56.0	42.5
8244	"PHW-34"	90.5	58.5
9924	"PLY-20"	66.5	57.0
7917	"PNA3.10"	82.25	68.75
7947	"PNA3.40"	82.25	81.5
8077	"PT2.21"	70.0	57.75
265	"PYL-6"	63.5	47.25
9607	"Panik-1"	88.75	107.6666667
9639	"Panke-1"	78.0	73.25
9615	"Parti-1"	85.75	86.0
2171	"Paw-26"	79.0	82.5
9947	"Ped-0"	104.5	125.0
2202	"Pent-23"	97.75	96.5
8354	"Per-1"	82.0	58.75
7296	"Petergof"	84.25	62.5
10017	"Petro-1"	87.5	76.5
9805	"Pfn-10"	70.5	53.0
9771	"Pfn-N2.2-6"	62.5	44.25
7298	"Pi-0"	81.75	53.25
9659	"Pigna-1"	71.25	66.66666667
8357	"Pla-0"	71.75	55.5
7307	"Pn-0"	78.5	72.33333333
7523	"Pna-17"	80.0	68.75
9707	"Podvi-1"	80.5	72.75
7306	"Pog-0"	76.5	49.75
7305	"Pt-0"	79.25	51.5
6951	"Pu2-23"	79.5	59.0
6956	"Pu2-7"	84.5	72.5
6957	"Pu2-8"	81.25	84.66666667
9436	"Puk-1"	89.0	77.5
9437	"Puk-2"	91.75	90.0
9764	"Qar-8a"	69.75	62.75
9949	"Qui-0"	76.75	61.5
9917	"RAD-21"	75.25	54.25
7471	"RLD-1"	56.25	34.0
8132	"RMX3.22"	74.0	67.33333333
7515	"RRS-10"	73.75	73.5
7514	"RRS-7"	80.25	57.33333333
9925	"RUM-20"	92.5	79.0
6958	"Ra-0"	68.75	41.66666667
7314	"Ragl-1"	66.0	42.25
8365	"Rak-2"	74.0	39.5
9640	"Rakit-1"	92.75	80.75
9641	"Rakit-2"	82.6666666667	87.66666667
9642	"Rakit-3"	95.5	86.0
8366	"Rd-0"	78.3333333333	62.75
6959	"Rennes-1"	71.75	53.25
6960	"Rennes-11"	55.0	39.75
8369	"Rev-1"	98.0	94.66666667
6076	"Rev-2"	121.5	110.5
7316	"Rhen-1"	81.25	89.25
7525	"Rmx-A180"	63.0	41.75
7319	"Rome-1"	58.5	52.75
7320	"Rou-0"	80.75	74.5
9976	"Rovero-1"	79.0	72.5
7322	"Rsch-4"	76.5	51.75
9806	"Ru-2"	67.0	43.0
9793	"Ru-N2"	62.0	63.33333333
9768	"Ru4-16"	74.5	54.66666667
7323	"Rubezhnoe-1"	75.75	64.25
9997	"Rue3.1-31"	70.25	51.5
9918	"SAUL-24"	81.25	90.0
2276	"SLSP-31"	83.0	84.25
2278	"SLSP-35"	79.25	85.0
8247	"San-2"	98.0	94.66666667
8376	"Sanna-2"	103.0	104.0
9660	"Sarno-1"	53.25	40.0
9721	"Schip-1"	77.5	78.0
9807	"Schl-7"	67.5	43.0
6961	"Se-0"	59.0	50.33333333
7332	"Seattle-0"	64.0	43.5
7333	"Sei-0"	68.75	39.75
5772	"Set-1"	66.75	49.0
9643	"Sever-1"	85.0	79.0
7327	"Sf-1"	64.5	53.5
7328	"Sf-2"	56.25	51.33333333
7344	"Sg-1"	73.5	47.66666667
9958	"Shigu-1"	82.0	76.5
9959	"Shigu-2"	81.5	78.75
7337	"Si-0"	74.5	47.5
9745	"Sij 1/96"	79.5	76.0
10008	"Sij-1"	79.25	73.0
10009	"Sij-2"	80.75	77.75
10010	"Sij-4"	85.0	75.25
9442	"Sim-1"	104.75	113.25
1552	"Sku-30"	104.0	115.3333333
9985	"Slavi-1"	71.0	63.5
9723	"Slavi-2"	76.0	68.5
9718	"Smolj-1"	78.75	79.0
6963	"Sorbo"	78.75	64.25
7343	"Sp-0"	72.0	51.25
6085	"Sparta-1"	124.25	128.0
9450	"Spro 1"	88.0	78.5
9451	"Spro 2"	107.5	113.6666667
9452	"Spro 3"	101.5	103.0
6966	"Sq-1"	62.25	55.125
6967	"Sq-8"	62.75	42.0
6086	"Sr:3"	100.5	100.75
8386	"Sr:5"	75.0	49.0
8387	"St-0"	74.25	48.33333333
9998	"Star-8"	68.0	46.25
9713	"Stara-1"	75.25	68.33333333
9757	"Staro-1"	93.75	93.0
9756	"Staro-2"	88.75	73.0
2317	"Ste-40"	77.0	53.5
7346	"Sten-0"	78.25	58.66666667
9453	"Stenk-2"	106.5	129.5
9454	"Stenk-3"	101.25	138.0
9455	"Stenk-4"	93.25	102.75
9956	"Stepn-1"	72.75	61.0
9955	"Stepn-2"	80.5	73.0
9728	"Stiav-1"	77.5	77.75
9729	"Stiav-2"	96.75	79.0
9731	"Stiav-3"	92.5	66.0
10023	"Strand-1"	96.25	90.0
6088	"Stu1-1"	107.6666666667	128.0
7347	"Stw-0"	64.75	47.0
7342	"Su-0"	83.0	65.0
765	"Sus-1"	56.75	36.66666667
6090	"T1000"	94.75	105.0
6092	"T1020"	103.0	89.5
6094	"T1040"	101.75	92.66666667
6097	"T1070"	114.5	94.0
6098	"T1080"	112.25	105.0
6099	"T1090"	117.0	113.6666667
6100	"T1110"	102.0	108.3333333
6102	"T1130"	122.3333333333	103.5
6104	"T1160"	100.0	109.5
6105	"T450"	97.75	87.66666667
6106	"T460"	102.0	94.75
6107	"T470"	119.0	105.25
6108	"T480"	78.75	52.75
6109	"T510"	100.75	99.0
6111	"T530"	111.75	93.66666667
6112	"T540"	94.5	76.75
6114	"T570"	97.0	92.0
6115	"T580"	97.5	74.75
6118	"T610"	98.25	99.25
6122	"T670"	101.5	90.0
6124	"T690"	129.5	106.0
6125	"T710"	106.25	100.0
6126	"T720"	103.25	89.0
6128	"T740"	122.3333333333	113.0
6131	"T780"	119.0	137.0
6132	"T790"	106.0	102.5
6133	"T800"	111.75	91.75
6134	"T810"	110.0	100.3333333
6136	"T840"	96.5	84.5
6137	"T850"	92.5	87.75
6138	"T860"	97.0	90.75
6140	"T880"	98.75	103.25
6142	"T900"	98.5	107.5
6145	"T930"	116.0	111.5
6148	"T960"	105.0	105.6666667
6149	"T970"	106.0	99.0
6150	"T980"	111.3333333333	101.6666667
6151	"T990"	99.5	103.3333333
6153	"TAA 03"	149.25	116.0
6184	"TBÖ 01"	93.6666666667	103.6666667
6188	"TDr-1"	73.25	53.5
6198	"TDr-13"	88.25	92.5
6201	"TDr-16"	94.25	103.0
6202	"TDr-17"	109.75	128.0
6203	"TDr-18"	108.0	119.6666667
6189	"TDr-2"	74.0	56.66666667
6191	"TDr-4"	78.3333333333	58.5
6192	"TDr-5"	95.0	63.0
6193	"TDr-7"	83.0	54.5
6194	"TDr-8"	110.5	91.5
6195	"TDr-9"	83.75	59.0
6209	"TEDEN 02"	94.0	107.0
6210	"TEDEN 03"	100.75	125.0
6217	"TFÄ 07"	111.25	127.0
6218	"TFÄ 08"	124.0	137.0
6220	"TGR 01"	103.0	117.3333333
6221	"TGR 02"	108.0	110.0
6237	"TOM 03"	106.0	109.0
6238	"TOM 04"	104.5	124.0
6240	"TOM 06"	98.25	125.6666667
6241	"TOM 07"	96.25	117.5
350	"TOU-A1-88"	68.5	51.5
351	"TOU-A1-89"	69.25	65.33333333
9926	"TRE-1"	67.0	44.33333333
6244	"TRÄ 01"	90.75	108.25
6258	"TV-10"	119.25	126.6666667
6268	"TV-22"	115.0	128.6666667
6276	"TV-30"	131.0	143.0
6284	"TV-38"	117.5	131.5
7349	"Ta-0"	81.25	52.75
7350	"Tac-0"	80.0	52.0
6968	"Tamm-2"	92.5	91.33333333
6969	"Tamm-27"	91.25	96.0
9663	"Teano-1"	69.75	69.33333333
9736	"Teiu-2"	78.0	81.0
7353	"Tha-1"	86.0	70.5
9968	"Timpo-1"	66.75	57.75
7354	"Ting-1"	100.25	108.3333333
9739	"Toc-1"	86.0	68.5
7356	"Tol-0"	88.0	64.33333333
6242	"Tomegap-2"	83.6666666667	86.5
1254	"Tos-82-387"	92.0	106.0
1257	"Tos-95-393"	94.6666666667	93.25
6243	"Tottarp-2"	66.75	43.75
6970	"Ts-1"	62.5	50.25
6971	"Ts-5"	66.25	63.66666667
7372	"Tscha-1"	83.0	54.5
7373	"Tsu-0"	81.25	54.75
9794	"Tu-B1-2"	69.25	44.5
9808	"Tu-B2-3"	75.25	53.0
9809	"Tu-KB-6"	74.75	51.25
9810	"Tu-KS-7"	69.25	42.25
9811	"Tu-NK-12"	69.75	45.0
9783	"Tu-PK-7"	76.5	66.33333333
9812	"Tu-W1"	67.75	45.75
9816	"Tu-WH"	63.0	39.0
9999	"TueSB30-3"	72.0	54.25
10001	"TueV-13"	68.75	49.5
10002	"TueWal-2"	61.0	42.5
7377	"Tul-0"	75.75	59.75
9470	"Tur-4"	102.6666666667	90.5
5784	"Ty-1"	101.75	69.25
6177	"TÄL 03"	99.0	105.5
6180	"TÄL 07"	71.0	41.25
6169	"TÅD 01"	116.0	113.5
6172	"TÅD 04"	110.5	114.0
6173	"TÅD 05"	91.75	101.0
6174	"TÅD 06"	100.0	128.0
5811	"UKID107"	72.0	46.0
5822	"UKID116"	112.75	111.0
5768	"UKID63"	96.25	85.0
5779	"UKID74"	90.5	67.0
5800	"UKID96"	61.75	39.0
5353	"UKNW06-003"	71.0	62.5
5486	"UKNW06-233"	60.5	37.5
5577	"UKNW06-403"	66.75	51.0
5644	"UKNW06-481"	60.75	46.25
5023	"UKSE06-118"	61.0	43.75
5104	"UKSE06-252"	60.0	40.75
5151	"UKSE06-325"	81.75	73.66666667
5165	"UKSE06-362"	86.5	81.75
5210	"UKSE06-432"	96.0	78.0
5236	"UKSE06-470"	58.5	43.5
5253	"UKSE06-500"	62.75	38.0
5276	"UKSE06-533"	74.5	49.75
5349	"UKSE06-639"	92.0	97.33333333
4779	"UKSW06-179"	68.6666666667	50.25
4807	"UKSW06-207"	79.75	87.5
4826	"UKSW06-226"	60.0	51.0
4884	"UKSW06-285"	70.25	49.5
4900	"UKSW06-302"	71.0	50.25
4958	"UKSW06-360"	91.25	100.25
6296	"UduI 1-11"	75.0	47.0
6390	"UduI 3-36"	71.75	61.33333333
6396	"UduI 4-9"	82.75	70.75
7378	"Uk-1"	71.25	52.0
10022	"Uk-3"	73.5	45.25
9737	"Ulies-1"	85.75	63.66666667
8426	"Ull1-1"	62.75	40.25
6973	"Ull2-3"	77.25	46.25
6974	"Ull2-5"	108.75	125.25
6413	"Ull3-4"	104.25	95.0
9312	"Ullapool-8"	75.25	57.5
6975	"Uod-1"	67.25	47.25
6976	"Uod-7"	71.25	69.5
7382	"Utrecht"	55.5	40.0
9933	"VED-10"	76.75	49.0
9755	"Vajug-1"	88.75	82.0
9969	"Valsi-1"	68.75	69.25
7383	"Van-0"	60.5	38.0
9991	"Vash-1"	90.5	92.75
7384	"Ven-1"	76.25	65.75
9978	"Vezzano-2.2"	80.25	94.5
9950	"Vie-0"	99.0	86.25
8249	"Vimmerby"	93.75	88.0
7387	"Vind-1"	60.75	41.25
9057	"Vinslöv"	87.5	67.5
9979	"Voeran-1"	82.5	68.5
9058	"Västervik"	113.25	123.0
7516	"Vår2-1"	105.0	117.0
7517	"Vår2-6"	115.0	113.75
9476	"VårA 1"	120.25	126.3333333
7477	"WAR"	74.0	52.25
9938	"WAV-8"	67.25	74.0
7394	"Wa-1"	56.75	41.75
9795	"Wank-2"	57.75	38.25
7404	"Wc-1"	68.5	41.33333333
6979	"Wei-0"	54.75	36.0
9766	"Westkar-4"	57.75	39.5
8419	"Wil-1"	71.6666666667	48.25
8419	"Wil-1"	71.6666666667	58.75
8419	"Wil-1"	94.25	48.25
8419	"Wil-1"	94.25	58.75
7413	"Wil-2"	69.25	48.0
7411	"Wl-0"	66.0	54.0
7396	"Ws-0.2"	61.5	51.5
6981	"Ws-2"	62.25	43.0
6982	"Wt-5"	78.5	44.0
7415	"Wu-0"	72.25	45.25
10014	"Xan-1"	96.75	132.0
9067	"Xan-3"	101.75	130.0
9069	"Xan-5"	82.75	90.75
9070	"Xan-6"	80.0	88.5
10011	"Yeg-1"	71.0	65.25
9128	"Yeg-2"	69.5	61.0
9130	"Yeg-4"	72.75	63.25
9131	"Yeg-5"	72.5	63.5
9133	"Yeg-7"	73.25	68.0
9134	"Yeg-8"	79.75	64.5
7416	"Yo-0"	81.5	78.66666667
9481	"Yst-1"	110.5	121.0
9747	"Zabar-1"	86.0	94.66666667
9748	"Zagub-1"	81.0	86.25
768	"Zal-1"	76.5	78.25
403	"Zdarec3"	63.5	54.25
6984	"Zdr-1"	69.25	47.75
6424	"ZdrI 1-23"	77.0	53.0
6445	"ZdrI 2-21"	67.0	50.0
6434	"ZdrI 2-9"	62.75	40.0
9709	"Zerev-1-34"	82.0	73.5
9710	"Zerev-1-35"	80.5	83.25
7418	"Zu-1"	63.5	46.25
9644	"Zupan-1"	76.75	69.0
1317	"Ängsö-74-430"	104.25	102.0
9321	"Ådal 1"	106.75	140.0
9323	"Ådal 3"	97.0	80.75
6073	"ÖMö1-7"	102.25	96.5
6074	"Ör-1"	101.0	85.75
